-1.861702 -1.861702 389.111415
 50.265957 303.457447 474.713633
 20.482368 303.457447 474.713633
 27.921887 303.457447 370.478723
 50.265957 -1.861702 474.713633
 27.921887 -1.861702 370.478723
 -1.861702 303.457447 370.478723
 16.757506 -1.861702 470.999340
 1.863160 303.457447 415.172694
 -1.861702 -1.861702 370.478723
 50.265957 -1.861702 463.550345
 50.265957 303.457447 463.550345
 1.863160 -1.861702 415.172694
 13.032644 303.457447 459.825847
 20.482368 -1.861702 474.713633
 -1.861702 303.457447 389.111415
 13.032644 -1.861702 459.825847
 