534.296198 303.457447 46.540054
 385.403683 -1.861702 1.876280
 415.178469 -1.861702 1.876280
 523.126007 -1.861702 80.053191
 385.403683 303.457447 27.927597
 415.178469 303.457447 1.876280
 523.126007 303.457447 80.053191
 575.259761 -1.861702 76.326108
 392.838086 -1.861702 31.654681
 489.615433 -1.861702 24.215820
 575.259761 303.457447 80.053191
 471.010839 303.457447 16.761654
 385.403683 303.457447 1.876280
 534.296198 -1.861702 46.540054
 571.523974 303.457447 72.599025
 459.840648 -1.861702 13.042224
 575.259761 -1.861702 80.053191
 385.403683 -1.861702 27.927597
 392.838086 303.457447 31.654681
 556.636581 -1.861702 61.433081
 489.615433 303.457447 24.215820
 459.840648 303.457447 13.042224
 