389.076064 303.457447 701.861702
 266.223404 -1.861702 660.904255
 266.223404 -1.861702 690.688209
 403.962392 -1.861702 668.357260
 266.223404 303.457447 660.904255
 403.962392 303.457447 668.357260
 403.962392 -1.861702 698.137204
 284.858283 303.457447 698.137204
 310.922841 -1.861702 701.861702
 266.223404 303.457447 690.688209
 403.962392 303.457447 698.137204
 389.076064 -1.861702 701.861702
 310.922841 303.457447 701.861702
 269.971954 -1.861702 694.408698
 269.971954 -1.861702 660.904255
 284.858283 -1.861702 698.137204
 269.971954 303.457447 694.408698
 