389.076065 303.457447 -1.857693
 266.235066 -1.861702 9.311791
 266.235066 -1.861702 39.091736
 389.076065 -1.861702 -1.857693
 269.975012 303.457447 5.587293
 385.360170 303.457447 27.922252
 266.235066 303.457447 39.091736
 385.360170 -1.861702 27.922252
 310.922012 -1.861702 -1.857693
 310.922012 303.457447 -1.857693
 284.862644 -1.861702 1.862796
 266.235066 303.457447 9.311791
 269.975012 303.457447 39.091736
 269.975012 -1.861702 39.091736
 284.862644 303.457447 1.862796
 269.975012 -1.861702 5.587293
 