255.051005 303.457447 9.308511
 169.414894 -1.861702 46.529797
 169.414894 -1.861702 80.053191
 266.223404 -1.861702 39.099389
 176.872636 303.457447 80.053191
 169.414894 303.457447 46.529797
 266.223404 303.457447 39.099389
 266.223404 -1.861702 9.308511
 210.380359 -1.861702 24.203950
 210.380359 303.457447 24.203950
 266.223404 303.457447 9.308511
 176.872636 -1.861702 80.053191
 169.414894 303.457447 80.053191
 240.154472 -1.861702 13.034102
 173.148503 -1.861702 42.831905
 228.972596 303.457447 16.759693
 173.148503 303.457447 42.831905
 258.765662 -1.861702 42.831905
 255.051005 -1.861702 9.308511
 