210.367708 303.457447 675.790626
 72.616953 -1.861702 564.095745
 109.854569 -1.861702 564.095745
 266.214657 -1.861702 690.672538
 266.214657 303.457447 660.896323
 72.616953 303.457447 564.095745
 143.358949 -1.861702 638.554868
 266.214657 -1.861702 660.896323
 109.854569 303.457447 564.095745
 128.463902 303.457447 627.390337
 266.214657 303.457447 690.672538
 228.977041 -1.861702 683.237777
 72.616953 -1.861702 571.555287
 165.682568 -1.861702 653.449171
 72.616953 303.457447 571.555287
 165.682568 303.457447 653.449171
 255.033897 303.457447 690.672538
 128.463902 -1.861702 627.390337
 255.033897 -1.861702 690.672538
 210.367708 -1.861702 675.790626
 240.138850 303.457447 686.955158
 