24.209053 -1.861702 489.637864
 106.117021 303.457447 564.095745
 68.880792 303.457447 564.095745
 53.993006 303.457447 474.751536
 106.117021 -1.861702 560.361043
 53.993006 -1.861702 474.751536
 20.478723 303.457447 474.751536
 68.880792 -1.861702 564.095745
 46.549114 303.457447 534.296849
 20.478723 -1.861702 474.751536
 46.549114 -1.861702 534.296849
 102.386692 303.457447 552.917879
 24.209053 303.457447 489.637864
 106.117021 -1.861702 564.095745
 61.445282 303.457447 556.635088
 102.386692 -1.861702 552.917879
 61.445282 -1.861702 556.635088
 