675.792770 -1.861702 489.637864
 605.064126 303.457447 593.871316
 619.944257 303.457447 578.979157
 646.009909 303.457447 474.745704
 564.095745 -1.861702 590.139530
 564.095745 303.457447 590.139530
 605.064126 -1.861702 593.871316
 646.009909 -1.861702 474.745704
 679.521277 303.457447 474.745704
 653.444326 303.457447 534.302679
 638.552896 -1.861702 556.635087
 679.521277 -1.861702 474.745704
 564.095745 -1.861702 593.871316
 675.792770 303.457447 489.637864
 653.444326 -1.861702 534.302679
 564.095745 303.457447 593.871316
 627.378674 303.457447 571.527246
 627.378674 -1.861702 571.527246
 