675.795998 -1.861702 210.394572
 686.962774 303.457447 310.904255
 698.137204 303.457447 310.890771
 619.954462 303.457447 173.151783
 668.341275 -1.861702 307.155705
 619.954462 -1.861702 173.151783
 657.182153 303.457447 173.151783
 698.137204 -1.861702 310.890771
 668.341275 303.457447 307.155705
 686.962774 303.457447 240.167228
 657.182153 -1.861702 173.151783
 698.137204 -1.861702 284.826213
 619.954462 303.457447 176.886849
 698.137204 303.457447 284.826213
 619.954462 -1.861702 176.886849
 686.962774 -1.861702 240.167228
 672.068637 -1.861702 310.904255
 675.795998 303.457447 210.394572
 672.068637 303.457447 310.904255
 