46.532245 -1.861702 165.696683
 31.654455 303.457447 288.563830
 35.373903 303.457447 284.827463
 72.598990 303.457447 128.461299
 80.053191 -1.861702 176.873713
 1.868263 -1.861702 284.827463
 13.034258 303.457447 240.135380
 35.373903 -1.861702 284.827463
 80.053191 303.457447 176.873713
 80.053191 -1.861702 124.740967
 1.868263 303.457447 288.563830
 16.761359 -1.861702 228.974386
 46.532245 303.457447 165.696683
 80.053191 303.457447 124.740967
 24.207907 303.457447 210.372730
 31.654455 -1.861702 288.563830
 72.598990 -1.861702 128.461299
 1.868263 -1.861702 288.563830
 24.207907 -1.861702 210.372730
 61.425341 303.457447 143.374696
 13.034258 -1.861702 240.135380
 1.868263 303.457447 284.827463
 