701.861702 39.142397 351.863433
 679.517632 303.457447 474.718006
 683.242494 303.457447 470.982021
 672.078113 303.457447 310.927943
 649.734043 -1.861702 474.718006
 672.078113 -1.861702 310.927943
 701.861702 303.427560 310.927943
 649.734043 303.457447 463.542120
 683.242494 -1.861702 470.982021
 701.861702 303.427560 389.095007
 701.856600 -1.861702 310.927943
 698.131737 -1.861702 415.150695
 649.734043 303.457447 474.718006
 649.734043 -1.861702 463.542120
 698.131737 303.457447 415.150695
 701.856600 -1.861702 389.111041
 679.517632 -1.861702 474.718006
 686.967356 303.457447 459.822170
 686.967356 -1.861702 459.822170
 