534.295438 303.457447 653.450157
 404.008678 -1.861702 668.339401
 411.464673 -1.861702 664.614539
 489.636730 -1.861702 675.789125
 601.302817 -1.861702 593.882979
 560.372106 303.457447 593.882979
 404.008678 303.457447 698.138298
 404.008678 303.457447 668.339401
 560.372106 -1.861702 593.882979
 404.008678 -1.861702 698.138298
 601.302817 303.457447 597.607841
 571.536784 -1.861702 627.396533
 459.851380 303.457447 686.953506
 415.173355 -1.861702 698.138298
 571.536784 303.457447 627.396533
 534.295438 -1.861702 653.450157
 489.636730 303.457447 675.789125
 459.851380 -1.861702 686.953506
 601.302817 303.457447 593.882979
 415.173355 303.457447 698.138298
 601.302817 -1.861702 597.607841
 556.644109 -1.861702 638.571119
 