o convex_0
v 389.076065 303.457447 -1.857693
v 266.235066 -1.861702 9.311791
v 266.235066 -1.861702 39.091736
v 389.076065 -1.861702 -1.857693
v 269.975012 303.457447 5.587293
v 385.360170 303.457447 27.922252
v 266.235066 303.457447 39.091736
v 385.360170 -1.861702 27.922252
v 310.922012 -1.861702 -1.857693
v 310.922012 303.457447 -1.857693
v 284.862644 -1.861702 1.862796
v 266.235066 303.457447 9.311791
v 269.975012 303.457447 39.091736
v 269.975012 -1.861702 39.091736
v 284.862644 303.457447 1.862796
v 269.975012 -1.861702 5.587293
f 5 11 16 
f 3 2 4 
f 4 1 6 
f 1 5 6 
f 6 5 7 
f 2 3 7 
f 3 4 8 
f 4 6 8 
f 4 2 9 
f 1 4 9 
f 5 1 10 
f 1 9 10 
f 9 2 11 
f 10 9 11 
f 5 2 12 
f 7 5 12 
f 2 7 12 
f 6 7 13 
f 7 3 13 
f 3 8 14 
f 8 6 14 
f 6 13 14 
f 13 3 14 
f 5 10 15 
f 11 5 15 
f 10 11 15 
f 2 5 16 
f 11 2 16 
o convex_1
v 210.367708 303.457447 675.790626
v 72.616953 -1.861702 564.095745
v 109.854569 -1.861702 564.095745
v 266.214657 -1.861702 690.672538
v 266.214657 303.457447 660.896323
v 72.616953 303.457447 564.095745
v 143.358949 -1.861702 638.554868
v 266.214657 -1.861702 660.896323
v 109.854569 303.457447 564.095745
v 128.463902 303.457447 627.390337
v 266.214657 303.457447 690.672538
v 228.977041 -1.861702 683.237777
v 72.616953 -1.861702 571.555287
v 165.682568 -1.861702 653.449171
v 72.616953 303.457447 571.555287
v 165.682568 303.457447 653.449171
v 255.033897 303.457447 690.672538
v 128.463902 -1.861702 627.390337
v 255.033897 -1.861702 690.672538
v 210.367708 -1.861702 675.790626
v 240.138850 303.457447 686.955158
f 35 33 37 
f 18 19 20 
f 19 18 22 
f 17 21 22 
f 18 20 23 
f 20 19 24 
f 21 20 24 
f 19 21 24 
f 21 19 25 
f 19 22 25 
f 22 21 25 
f 17 22 26 
f 21 17 27 
f 20 21 27 
f 23 20 28 
f 22 18 29 
f 18 23 29 
f 23 28 30 
f 26 22 31 
f 22 29 31 
f 29 26 31 
f 17 26 32 
f 26 23 32 
f 30 17 32 
f 23 30 32 
f 27 17 33 
f 20 27 33 
f 23 26 34 
f 29 23 34 
f 26 29 34 
f 28 20 35 
f 20 33 35 
f 28 17 36 
f 17 30 36 
f 30 28 36 
f 17 28 37 
f 33 17 37 
f 28 35 37 
o convex_2
v 46.532245 -1.861702 165.696683
v 31.654455 303.457447 288.563830
v 35.373903 303.457447 284.827463
v 72.598990 303.457447 128.461299
v 80.053191 -1.861702 176.873713
v 1.868263 -1.861702 284.827463
v 13.034258 303.457447 240.135380
v 35.373903 -1.861702 284.827463
v 80.053191 303.457447 176.873713
v 80.053191 -1.861702 124.740967
v 1.868263 303.457447 288.563830
v 16.761359 -1.861702 228.974386
v 46.532245 303.457447 165.696683
v 80.053191 303.457447 124.740967
v 24.207907 303.457447 210.372730
v 31.654455 -1.861702 288.563830
v 72.598990 -1.861702 128.461299
v 1.868263 -1.861702 288.563830
v 24.207907 -1.861702 210.372730
v 61.425341 303.457447 143.374696
v 13.034258 -1.861702 240.135380
v 1.868263 303.457447 284.827463
f 48 44 59 
f 39 40 41 
f 38 42 43 
f 39 41 44 
f 42 40 45 
f 43 42 45 
f 41 40 46 
f 40 42 46 
f 46 42 47 
f 42 38 47 
f 39 44 48 
f 38 43 49 
f 44 41 50 
f 41 46 51 
f 46 47 51 
f 47 41 51 
f 49 44 52 
f 44 50 52 
f 50 38 52 
f 40 39 53 
f 45 40 53 
f 43 45 53 
f 39 48 53 
f 47 38 54 
f 41 47 54 
f 48 43 55 
f 43 53 55 
f 53 48 55 
f 38 49 56 
f 52 38 56 
f 49 52 56 
f 38 50 57 
f 50 41 57 
f 54 38 57 
f 41 54 57 
f 43 44 58 
f 49 43 58 
f 44 49 58 
f 44 43 59 
f 43 48 59 
o convex_3
v 1.867533 -1.861702 288.571848
v 27.919701 303.457447 370.478723
v -1.858422 303.457447 370.478723
v 27.919701 -1.861702 370.478723
v 31.645656 303.457447 288.571848
v -1.858422 -1.861702 370.478723
v 1.867533 303.457447 288.571848
v 31.645656 -1.861702 288.571848
v -1.858422 303.457447 310.916647
v -1.858422 -1.861702 310.916647
v 31.645656 -1.861702 307.188505
v 31.645656 303.457447 307.188505
f 70 64 71 
f 61 62 63 
f 62 61 64 
f 63 62 65 
f 60 63 65 
f 64 60 66 
f 62 64 66 
f 63 60 67 
f 60 64 67 
f 65 62 68 
f 66 60 68 
f 62 66 68 
f 60 65 69 
f 68 60 69 
f 65 68 69 
f 61 63 70 
f 63 67 70 
f 67 64 70 
f 64 61 71 
f 61 70 71 
o convex_4
v 143.339401 -1.861702 61.448076
v 83.788259 303.457447 169.414894
v 169.414894 303.457447 83.782306
v 80.053191 303.457447 120.993995
v 83.788259 -1.861702 169.414894
v 169.414894 -1.861702 83.782306
v 165.688574 303.457447 46.558589
v 80.053191 -1.861702 120.993995
v 169.414894 -1.861702 46.558589
v 128.451615 303.457447 72.621204
v 80.053191 303.457447 169.414894
v 80.053191 -1.861702 169.414894
v 128.451615 -1.861702 72.621204
v 169.414894 303.457447 46.558589
v 165.688574 -1.861702 46.558589
f 78 80 86 
f 73 74 75 
f 74 73 76 
f 76 72 77 
f 74 76 77 
f 75 74 78 
f 72 76 79 
f 77 72 80 
f 74 77 80 
f 75 78 81 
f 78 72 81 
f 79 75 81 
f 73 75 82 
f 76 73 82 
f 75 79 82 
f 82 79 83 
f 79 76 83 
f 76 82 83 
f 72 79 84 
f 81 72 84 
f 79 81 84 
f 78 74 85 
f 74 80 85 
f 80 78 85 
f 72 78 86 
f 80 72 86 
o convex_5
v 255.051005 303.457447 9.308511
v 169.414894 -1.861702 46.529797
v 169.414894 -1.861702 80.053191
v 266.223404 -1.861702 39.099389
v 176.872636 303.457447 80.053191
v 169.414894 303.457447 46.529797
v 266.223404 303.457447 39.099389
v 266.223404 -1.861702 9.308511
v 210.380359 -1.861702 24.203950
v 210.380359 303.457447 24.203950
v 266.223404 303.457447 9.308511
v 176.872636 -1.861702 80.053191
v 169.414894 303.457447 80.053191
v 240.154472 -1.861702 13.034102
v 173.148503 -1.861702 42.831905
v 228.972596 303.457447 16.759693
v 173.148503 303.457447 42.831905
v 258.765662 -1.861702 42.831905
v 255.051005 -1.861702 9.308511
f 94 100 105 
f 89 88 90 
f 88 89 92 
f 91 87 92 
f 87 91 93 
f 90 88 94 
f 93 90 94 
f 94 88 95 
f 92 87 96 
f 87 93 97 
f 94 87 97 
f 93 94 97 
f 89 90 98 
f 91 89 98 
f 89 91 99 
f 92 89 99 
f 91 92 99 
f 94 95 100 
f 88 92 101 
f 95 88 101 
f 96 95 101 
f 96 87 102 
f 95 96 102 
f 87 100 102 
f 100 95 102 
f 92 96 103 
f 101 92 103 
f 96 101 103 
f 90 93 104 
f 93 91 104 
f 98 90 104 
f 91 98 104 
f 87 94 105 
f 100 87 105 
o convex_6
v -1.861702 -1.861702 389.111415
v 50.265957 303.457447 474.713633
v 20.482368 303.457447 474.713633
v 27.921887 303.457447 370.478723
v 50.265957 -1.861702 474.713633
v 27.921887 -1.861702 370.478723
v -1.861702 303.457447 370.478723
v 16.757506 -1.861702 470.999340
v 1.863160 303.457447 415.172694
v -1.861702 -1.861702 370.478723
v 50.265957 -1.861702 463.550345
v 50.265957 303.457447 463.550345
v 1.863160 -1.861702 415.172694
v 13.032644 303.457447 459.825847
v 20.482368 -1.861702 474.713633
v -1.861702 303.457447 389.111415
v 13.032644 -1.861702 459.825847
f 113 119 122 
f 108 107 109 
f 107 108 110 
f 110 106 111 
f 108 109 112 
f 109 111 112 
f 106 110 113 
f 108 112 114 
f 111 106 115 
f 106 112 115 
f 112 111 115 
f 107 110 116 
f 111 109 116 
f 110 111 116 
f 109 107 117 
f 107 116 117 
f 116 109 117 
f 106 113 118 
f 114 106 118 
f 113 108 119 
f 108 114 119 
f 110 108 120 
f 108 113 120 
f 113 110 120 
f 112 106 121 
f 106 114 121 
f 114 112 121 
f 118 113 122 
f 114 118 122 
f 119 114 122 
o convex_7
v 24.209053 -1.861702 489.637864
v 106.117021 303.457447 564.095745
v 68.880792 303.457447 564.095745
v 53.993006 303.457447 474.751536
v 106.117021 -1.861702 560.361043
v 53.993006 -1.861702 474.751536
v 20.478723 303.457447 474.751536
v 68.880792 -1.861702 564.095745
v 46.549114 303.457447 534.296849
v 20.478723 -1.861702 474.751536
v 46.549114 -1.861702 534.296849
v 102.386692 303.457447 552.917879
v 24.209053 303.457447 489.637864
v 106.117021 -1.861702 564.095745
v 61.445282 303.457447 556.635088
v 102.386692 -1.861702 552.917879
v 61.445282 -1.861702 556.635088
f 137 133 139 
f 125 124 126 
f 127 123 128 
f 125 126 129 
f 126 128 129 
f 124 125 130 
f 123 127 130 
f 125 129 131 
f 128 123 132 
f 123 129 132 
f 129 128 132 
f 123 130 133 
f 131 123 133 
f 126 124 134 
f 124 127 134 
f 128 126 134 
f 129 123 135 
f 123 131 135 
f 131 129 135 
f 127 124 136 
f 124 130 136 
f 130 127 136 
f 130 125 137 
f 125 131 137 
f 131 133 137 
f 127 128 138 
f 134 127 138 
f 128 134 138 
f 133 130 139 
f 130 137 139 
o convex_8
v 534.295438 303.457447 653.450157
v 404.008678 -1.861702 668.339401
v 411.464673 -1.861702 664.614539
v 489.636730 -1.861702 675.789125
v 601.302817 -1.861702 593.882979
v 560.372106 303.457447 593.882979
v 404.008678 303.457447 698.138298
v 404.008678 303.457447 668.339401
v 560.372106 -1.861702 593.882979
v 404.008678 -1.861702 698.138298
v 601.302817 303.457447 597.607841
v 571.536784 -1.861702 627.396533
v 459.851380 303.457447 686.953506
v 415.173355 -1.861702 698.138298
v 571.536784 303.457447 627.396533
v 534.295438 -1.861702 653.450157
v 489.636730 303.457447 675.789125
v 459.851380 -1.861702 686.953506
v 601.302817 303.457447 593.882979
v 415.173355 303.457447 698.138298
v 601.302817 -1.861702 597.607841
v 556.644109 -1.861702 638.571119
f 155 151 161 
f 141 142 143 
f 143 142 144 
f 140 145 146 
f 142 141 147 
f 145 142 147 
f 146 145 147 
f 141 146 147 
f 144 142 148 
f 142 145 148 
f 145 144 148 
f 141 143 149 
f 146 141 149 
f 145 140 150 
f 143 144 151 
f 140 146 152 
f 149 143 153 
f 146 149 153 
f 150 140 154 
f 151 150 154 
f 140 143 155 
f 143 151 155 
f 143 140 156 
f 140 152 156 
f 152 143 156 
f 143 152 157 
f 153 143 157 
f 144 145 158 
f 150 144 158 
f 145 150 158 
f 152 146 159 
f 146 153 159 
f 157 152 159 
f 153 157 159 
f 144 150 160 
f 151 144 160 
f 150 151 160 
f 154 140 161 
f 151 154 161 
f 140 155 161 
o convex_9
v 534.296198 303.457447 46.540054
v 385.403683 -1.861702 1.876280
v 415.178469 -1.861702 1.876280
v 523.126007 -1.861702 80.053191
v 385.403683 303.457447 27.927597
v 415.178469 303.457447 1.876280
v 523.126007 303.457447 80.053191
v 575.259761 -1.861702 76.326108
v 392.838086 -1.861702 31.654681
v 489.615433 -1.861702 24.215820
v 575.259761 303.457447 80.053191
v 471.010839 303.457447 16.761654
v 385.403683 303.457447 1.876280
v 534.296198 -1.861702 46.540054
v 571.523974 303.457447 72.599025
v 459.840648 -1.861702 13.042224
v 575.259761 -1.861702 80.053191
v 385.403683 -1.861702 27.927597
v 392.838086 303.457447 31.654681
v 556.636581 -1.861702 61.433081
v 489.615433 303.457447 24.215820
v 459.840648 303.457447 13.042224
f 173 177 183 
f 163 164 165 
f 164 163 167 
f 166 162 167 
f 162 166 168 
f 165 164 169 
f 163 165 170 
f 165 168 170 
f 169 164 171 
f 162 168 172 
f 168 165 172 
f 167 162 173 
f 163 166 174 
f 167 163 174 
f 166 167 174 
f 171 162 175 
f 169 171 175 
f 162 172 176 
f 172 169 176 
f 164 167 177 
f 171 164 177 
f 173 171 177 
f 165 169 178 
f 172 165 178 
f 169 172 178 
f 166 163 179 
f 163 170 179 
f 170 166 179 
f 168 166 180 
f 166 170 180 
f 170 168 180 
f 175 162 181 
f 169 175 181 
f 162 176 181 
f 176 169 181 
f 162 171 182 
f 173 162 182 
f 171 173 182 
f 167 173 183 
f 177 167 183 
o convex_10
v 653.457447 303.457447 173.129186
v 530.585106 -1.861702 80.053191
v 578.995558 -1.861702 80.053191
v 619.936968 -1.861702 173.138298
v 530.585106 303.457447 83.779876
v 578.995558 303.457447 80.053191
v 653.457447 -1.861702 165.684929
v 619.936968 303.457447 173.138298
v 627.381954 303.457447 128.445419
v 627.381954 -1.861702 128.445419
v 530.585106 -1.861702 83.779876
v 653.457447 -1.861702 173.129186
v 653.457447 303.457447 165.684929
v 530.585106 303.457447 80.053191
v 638.555447 83.822519 143.333934
f 192 196 198 
f 185 186 187 
f 186 185 189 
f 188 184 189 
f 187 186 190 
f 187 184 191 
f 184 188 191 
f 188 187 191 
f 189 184 192 
f 186 189 192 
f 190 186 193 
f 186 192 193 
f 185 187 194 
f 187 188 194 
f 188 185 194 
f 184 187 195 
f 187 190 195 
f 190 184 195 
f 184 190 196 
f 192 184 196 
f 185 188 197 
f 189 185 197 
f 188 189 197 
f 190 193 198 
f 193 192 198 
f 196 190 198 
o convex_11
v 675.795998 -1.861702 210.394572
v 686.962774 303.457447 310.904255
v 698.137204 303.457447 310.890771
v 619.954462 303.457447 173.151783
v 668.341275 -1.861702 307.155705
v 619.954462 -1.861702 173.151783
v 657.182153 303.457447 173.151783
v 698.137204 -1.861702 310.890771
v 668.341275 303.457447 307.155705
v 686.962774 303.457447 240.167228
v 657.182153 -1.861702 173.151783
v 698.137204 -1.861702 284.826213
v 619.954462 303.457447 176.886849
v 698.137204 303.457447 284.826213
v 619.954462 -1.861702 176.886849
v 686.962774 -1.861702 240.167228
v 672.068637 -1.861702 310.904255
v 675.795998 303.457447 210.394572
v 672.068637 303.457447 310.904255
f 207 215 217 
f 200 201 202 
f 199 203 204 
f 202 201 205 
f 204 202 205 
f 201 200 206 
f 203 199 206 
f 200 202 207 
f 205 201 208 
f 199 204 209 
f 205 199 209 
f 204 205 209 
f 206 199 210 
f 201 206 210 
f 202 204 211 
f 207 202 211 
f 203 207 211 
f 208 201 212 
f 201 210 212 
f 210 208 212 
f 204 203 213 
f 211 204 213 
f 203 211 213 
f 199 208 214 
f 210 199 214 
f 208 210 214 
f 206 200 215 
f 203 206 215 
f 207 203 215 
f 199 205 216 
f 208 199 216 
f 205 208 216 
f 200 207 217 
f 215 200 217 
o convex_12
v 701.861702 39.142397 351.863433
v 679.517632 303.457447 474.718006
v 683.242494 303.457447 470.982021
v 672.078113 303.457447 310.927943
v 649.734043 -1.861702 474.718006
v 672.078113 -1.861702 310.927943
v 701.861702 303.427560 310.927943
v 649.734043 303.457447 463.542120
v 683.242494 -1.861702 470.982021
v 701.861702 303.427560 389.095007
v 701.856600 -1.861702 310.927943
v 698.131737 -1.861702 415.150695
v 649.734043 303.457447 474.718006
v 649.734043 -1.861702 463.542120
v 698.131737 303.457447 415.150695
v 701.856600 -1.861702 389.111041
v 679.517632 -1.861702 474.718006
v 686.967356 303.457447 459.822170
v 686.967356 -1.861702 459.822170
f 235 226 236 
f 219 220 221 
f 223 221 224 
f 219 221 225 
f 221 223 225 
f 220 219 226 
f 222 223 226 
f 218 224 227 
f 224 218 228 
f 223 224 228 
f 226 223 228 
f 226 228 229 
f 222 219 230 
f 219 225 230 
f 225 222 230 
f 223 222 231 
f 222 225 231 
f 225 223 231 
f 221 220 232 
f 224 221 232 
f 227 224 232 
f 229 227 232 
f 218 227 233 
f 228 218 233 
f 229 228 233 
f 227 229 233 
f 219 222 234 
f 226 219 234 
f 222 226 234 
f 220 226 235 
f 232 220 235 
f 232 235 236 
f 226 229 236 
f 229 232 236 
o convex_13
v 675.792770 -1.861702 489.637864
v 605.064126 303.457447 593.871316
v 619.944257 303.457447 578.979157
v 646.009909 303.457447 474.745704
v 564.095745 -1.861702 590.139530
v 564.095745 303.457447 590.139530
v 605.064126 -1.861702 593.871316
v 646.009909 -1.861702 474.745704
v 679.521277 303.457447 474.745704
v 653.444326 303.457447 534.302679
v 638.552896 -1.861702 556.635087
v 679.521277 -1.861702 474.745704
v 564.095745 -1.861702 593.871316
v 675.792770 303.457447 489.637864
v 653.444326 -1.861702 534.302679
v 564.095745 303.457447 593.871316
v 627.378674 303.457447 571.527246
v 627.378674 -1.861702 571.527246
f 253 239 254 
f 238 239 240 
f 238 240 242 
f 240 241 242 
f 239 238 243 
f 241 237 243 
f 237 241 244 
f 241 240 244 
f 240 239 245 
f 244 240 245 
f 245 239 246 
f 243 237 247 
f 237 244 248 
f 245 237 248 
f 244 245 248 
f 242 241 249 
f 243 238 249 
f 241 243 249 
f 237 245 250 
f 246 237 250 
f 245 246 250 
f 237 246 251 
f 247 237 251 
f 246 247 251 
f 238 242 252 
f 249 238 252 
f 242 249 252 
f 246 239 253 
f 247 246 253 
f 247 253 254 
f 239 243 254 
f 243 247 254 
o convex_14
v 389.076064 303.457447 701.861702
v 266.223404 -1.861702 660.904255
v 266.223404 -1.861702 690.688209
v 403.962392 -1.861702 668.357260
v 266.223404 303.457447 660.904255
v 403.962392 303.457447 668.357260
v 403.962392 -1.861702 698.137204
v 284.858283 303.457447 698.137204
v 310.922841 -1.861702 701.861702
v 266.223404 303.457447 690.688209
v 403.962392 303.457447 698.137204
v 389.076064 -1.861702 701.861702
v 310.922841 303.457447 701.861702
v 269.971954 -1.861702 694.408698
v 269.971954 -1.861702 660.904255
v 284.858283 -1.861702 698.137204
v 269.971954 303.457447 694.408698
f 264 268 271 
f 257 256 258 
f 256 257 259 
f 259 255 260 
f 257 258 261 
f 258 260 261 
f 255 259 262 
f 257 261 263 
f 259 257 264 
f 262 259 264 
f 260 255 265 
f 255 261 265 
f 261 260 265 
f 261 255 266 
f 255 263 266 
f 263 261 266 
f 255 262 267 
f 263 255 267 
f 262 263 267 
f 257 263 268 
f 264 257 268 
f 258 256 269 
f 256 259 269 
f 260 258 269 
f 259 260 269 
f 263 262 270 
f 268 263 270 
f 262 268 270 
f 262 264 271 
f 268 262 271 
